t,u,v
0,0,0
0.1,0.0525842,0.00600145
0.2,0.110048,0.0124229
0.3,0.172799,0.0193037
0.4,0.241213,0.0266862
0.5,0.3156,0.0346148
0.6,0.396154,0.0431352
0.7,0.482887,0.0522929
0.8,0.575562,0.0621312
0.9,0.673605,0.0726886
1,0.776042,0.0839955
1.1,0.881458,0.0960709
1.2,0.988011,0.108919
1.3,1.09352,0.122526
1.4,1.19564,0.136861
1.5,1.29207,0.151874
1.6,1.38082,0.167499
1.7,1.46042,0.183658
1.8,1.53,0.20027
1.9,1.58933,0.217248
2,1.63871,0.234512
2.1,1.67887,0.251986
2.2,1.71077,0.269603
2.3,1.73549,0.287305
2.4,1.75411,0.305042
2.5,1.76764,0.322774
2.6,1.77699,0.340468
2.7,1.78294,0.358096
2.8,1.78614,0.375637
2.9,1.78713,0.393074
3,1.78636,0.410394
3.1,1.78419,0.427586
3.2,1.7809,0.444642
3.3,1.77672,0.461556
3.4,1.77183,0.478323
3.5,1.76637,0.494939
3.6,1.76045,0.511402
3.7,1.75417,0.52771
3.8,1.74759,0.543862
3.9,1.74078,0.559856
4,1.73377,0.575693
4.1,1.72659,0.591371
4.2,1.71929,0.606891
4.3,1.71187,0.622252
4.4,1.70435,0.637456
4.5,1.69676,0.652502
4.6,1.68909,0.667391
4.7,1.68136,0.682124
4.8,1.67358,0.6967
4.9,1.66574,0.711121
5,1.65785,0.725387
5.1,1.64992,0.739498
5.2,1.64195,0.753457
5.3,1.63394,0.767262
5.4,1.62589,0.780915
5.5,1.6178,0.794416
5.6,1.60967,0.807766
5.7,1.6015,0.820966
5.8,1.59329,0.834016
5.9,1.58504,0.846918
6,1.57675,0.859671
6.1,1.56842,0.872276
6.2,1.56005,0.884734
6.3,1.55164,0.897045
6.4,1.54318,0.90921
6.5,1.53467,0.92123
6.6,1.52612,0.933105
6.7,1.51752,0.944836
6.8,1.50888,0.956423
6.9,1.50018,0.967867
7,1.49142,0.979167
7.1,1.48261,0.990326
7.2,1.47375,1.00134
7.3,1.46482,1.01222
7.4,1.45583,1.02295
7.5,1.44678,1.03355
7.6,1.43766,1.044
7.7,1.42847,1.05431
7.8,1.41921,1.06448
7.9,1.40988,1.07452
8,1.40047,1.08441
8.1,1.39097,1.09417
8.2,1.38139,1.10379
8.3,1.37173,1.11327
8.4,1.36197,1.12261
8.5,1.35212,1.13181
8.6,1.34216,1.14088
8.7,1.3321,1.1498
8.8,1.32193,1.15859
8.9,1.31165,1.16724
9,1.30124,1.17575
9.1,1.29071,1.18413
9.2,1.28005,1.19236
9.3,1.26925,1.20046
9.4,1.2583,1.20842
9.5,1.2472,1.21624
9.6,1.23594,1.22392
9.7,1.22451,1.23145
9.8,1.2129,1.23885
9.9,1.2011,1.24611
10,1.1891,1.25322
10.1,1.17689,1.2602
10.2,1.16446,1.26703
10.3,1.15179,1.27371
10.4,1.13887,1.28025
10.5,1.12569,1.28664
10.6,1.11222,1.29288
10.7,1.09845,1.29898
10.8,1.08435,1.30492
10.9,1.06992,1.31071
11,1.05511,1.31634
11.1,1.03991,1.32182
11.2,1.02429,1.32714
11.3,1.00822,1.33229
11.4,0.991652,1.33728
11.5,0.97456,1.34211
11.6,0.956897,1.34676
11.7,0.938618,1.35123
11.8,0.919668,1.35553
11.9,0.899991,1.35964
12,0.879521,1.36356
12.1,0.858185,1.36729
12.2,0.8359,1.37081
12.3,0.812576,1.37413
12.4,0.788107,1.37723
12.5,0.762376,1.38011
12.6,0.735251,1.38275
12.7,0.70658,1.38514
12.8,0.676189,1.38728
12.9,0.643883,1.38915
13,0.609435,1.39073
13.1,0.572589,1.392
13.2,0.533048,1.39295
13.3,0.490472,1.39356
13.4,0.444473,1.3938
13.5,0.394606,1.39363
13.6,0.340361,1.39304
13.7,0.281164,1.39198
13.8,0.216369,1.3904
13.9,0.14526,1.38828
14,0.0670675,1.38554
14.1,-0.0190136,1.38213
14.2,-0.113773,1.37798
14.3,-0.217906,1.37304
14.4,-0.331896,1.36721
14.5,-0.455843,1.36044
14.6,-0.589249,1.35264
14.7,-0.730783,1.34377
14.8,-0.878091,1.33378
14.9,-1.02774,1.32265
15,-1.1754,1.31042
15.1,-1.31632,1.29715
15.2,-1.44604,1.28292
15.3,-1.56107,1.26787
15.4,-1.65937,1.25213
15.5,-1.74049,1.23585
15.6,-1.8053,1.21915
15.7,-1.85556,1.20216
15.8,-1.89345,1.18497
15.9,-1.92122,1.16767
16,-1.94093,1.15033
16.1,-1.95436,1.13299
16.2,-1.96299,1.11569
16.3,-1.96798,1.09846
16.4,-1.97022,1.08132
16.5,-1.97042,1.06429
16.6,-1.96908,1.04738
16.7,-1.96661,1.0306
16.8,-1.9633,1.01395
16.9,-1.95936,0.99744
17,-1.95495,0.981069
17.1,-1.9502,0.964841
17.2,-1.9452,0.948756
17.3,-1.94001,0.932814
17.4,-1.93468,0.917018
17.5,-1.92924,0.901365
17.6,-1.92373,0.885856
17.7,-1.91817,0.87049
17.8,-1.91256,0.855268
17.9,-1.90693,0.840187
18,-1.90127,0.825247
18.1,-1.8956,0.810448
18.2,-1.88992,0.795789
18.3,-1.88424,0.781269
18.4,-1.87855,0.766886
18.5,-1.87287,0.752641
18.6,-1.86718,0.738532
18.7,-1.8615,0.724558
18.8,-1.85582,0.710718
18.9,-1.85014,0.697013
19,-1.84446,0.683439
19.1,-1.8388,0.669998
19.2,-1.83313,0.656688
19.3,-1.82747,0.643507
19.4,-1.82182,0.630456
19.5,-1.81617,0.617533
19.6,-1.81052,0.604738
19.7,-1.80489,0.592069
19.8,-1.79925,0.579526
19.9,-1.79362,0.567108
20,-1.788,0.554814
20.1,-1.78238,0.542643
20.2,-1.77677,0.530594
20.3,-1.77116,0.518668
20.4,-1.76556,0.506861
20.5,-1.75996,0.495175
20.6,-1.75436,0.483608
20.7,-1.74877,0.47216
20.8,-1.74319,0.460829
20.9,-1.73761,0.449614
21,-1.73203,0.438516
21.1,-1.72646,0.427533
21.2,-1.7209,0.416665
21.3,-1.71533,0.40591
21.4,-1.70977,0.395268
21.5,-1.70422,0.384738
21.6,-1.69867,0.37432
21.7,-1.69312,0.364012
21.8,-1.68758,0.353815
21.9,-1.68204,0.343726
22,-1.67651,0.333746
22.1,-1.67098,0.323874
22.2,-1.66545,0.314109
22.3,-1.65992,0.30445
22.4,-1.6544,0.294897
22.5,-1.64888,0.285449
22.6,-1.64337,0.276105
22.7,-1.63786,0.266865
22.8,-1.63235,0.257727
22.9,-1.62684,0.248692
23,-1.62134,0.239758
23.1,-1.61584,0.230925
23.2,-1.61034,0.222193
23.3,-1.60484,0.21356
23.4,-1.59935,0.205025
23.5,-1.59386,0.196589
23.6,-1.58837,0.188251
23.7,-1.58288,0.18001
23.8,-1.57739,0.171864
23.9,-1.57191,0.163815
24,-1.56642,0.155861
24.1,-1.56094,0.148001
24.2,-1.55546,0.140235
24.3,-1.54998,0.132562
24.4,-1.5445,0.124982
24.5,-1.53902,0.117494
24.6,-1.53355,0.110097
24.7,-1.52807,0.102791
24.8,-1.52259,0.0955759
24.9,-1.51712,0.0884501
25,-1.51164,0.0814135
25.1,-1.50616,0.0744654
25.2,-1.50069,0.0676052
25.3,-1.49521,0.0608326
25.4,-1.48973,0.0541468
25.5,-1.48425,0.0475474
25.6,-1.47878,0.0410337
25.7,-1.47329,0.0346054
25.8,-1.46781,0.0282617
25.9,-1.46233,0.0220022
26,-1.45684,0.0158265
26.1,-1.45136,0.00973384
26.2,-1.44587,0.00372387
26.3,-1.44037,-0.00220398
26.4,-1.43488,-0.00805019
26.5,-1.42938,-0.0138153
26.6,-1.42388,-0.0194997
26.7,-1.41838,-0.025104
26.8,-1.41287,-0.0306286
26.9,-1.40736,-0.036074
27,-1.40185,-0.0414407
27.1,-1.39633,-0.0467292
27.2,-1.3908,-0.0519398
27.3,-1.38527,-0.0570732
27.4,-1.37974,-0.0621296
27.5,-1.3742,-0.0671096
27.6,-1.36866,-0.0720137
27.7,-1.3631,-0.0768422
27.8,-1.35755,-0.0815955
27.9,-1.35198,-0.0862742
28,-1.34641,-0.0908786
28.1,-1.34083,-0.0954091
28.2,-1.33525,-0.0998662
28.3,-1.32965,-0.10425
28.4,-1.32405,-0.108562
28.5,-1.31844,-0.112801
28.6,-1.31282,-0.116968
28.7,-1.30718,-0.121064
28.8,-1.30154,-0.125088
28.9,-1.29589,-0.129042
29,-1.29023,-0.132926
29.1,-1.28455,-0.136739
29.2,-1.27887,-0.140483
29.3,-1.27317,-0.144158
29.4,-1.26745,-0.147763
29.5,-1.26173,-0.1513
29.6,-1.25599,-0.154768
29.7,-1.25023,-0.158169
29.8,-1.24446,-0.161501
29.9,-1.23867,-0.164767
30,-1.23287,-0.167965
30.1,-1.22704,-0.171096
30.2,-1.2212,-0.174161
30.3,-1.21534,-0.17716
30.4,-1.20947,-0.180092
30.5,-1.20356,-0.182959
30.6,-1.19764,-0.18576
30.7,-1.1917,-0.188496
30.8,-1.18573,-0.191167
30.9,-1.17974,-0.193773
31,-1.17372,-0.196315
31.1,-1.16768,-0.198792
31.2,-1.16161,-0.201204
31.3,-1.1555,-0.203553
31.4,-1.14937,-0.205838
31.5,-1.14321,-0.208059
31.6,-1.13702,-0.210217
31.7,-1.13079,-0.212311
31.8,-1.12453,-0.214342
31.9,-1.11823,-0.21631
32,-1.11189,-0.218215
32.1,-1.10551,-0.220056
32.2,-1.09909,-0.221835
32.3,-1.09262,-0.223551
32.4,-1.08611,-0.225203
32.5,-1.07955,-0.226793
32.6,-1.07294,-0.228321
32.7,-1.06628,-0.229785
32.8,-1.05957,-0.231186
32.9,-1.05279,-0.232525
33,-1.04596,-0.2338
33.1,-1.03906,-0.235013
33.2,-1.0321,-0.236162
33.3,-1.02507,-0.237247
33.4,-1.01796,-0.238269
33.5,-1.01078,-0.239227
33.6,-1.00352,-0.240122
33.7,-0.996171,-0.240952
33.8,-0.988736,-0.241717
33.9,-0.981208,-0.242417
34,-0.973582,-0.243052
34.1,-0.965852,-0.243622
34.2,-0.958013,-0.244125
34.3,-0.950059,-0.244562
34.4,-0.941983,-0.244931
34.5,-0.933778,-0.245233
34.6,-0.925437,-0.245466
34.7,-0.916952,-0.24563
34.8,-0.908314,-0.245725
34.9,-0.899514,-0.245748
35,-0.890543,-0.2457
35.1,-0.881388,-0.245579
35.2,-0.872039,-0.245384
35.3,-0.862483,-0.245114
35.4,-0.852707,-0.244768
35.5,-0.842695,-0.244345
35.6,-0.832431,-0.243842
35.7,-0.821899,-0.243258
35.8,-0.811078,-0.242592
35.9,-0.799949,-0.241842
36,-0.788487,-0.241005
36.1,-0.77667,-0.240078
36.2,-0.764468,-0.239061
36.3,-0.751852,-0.237949
36.4,-0.738789,-0.236741
36.5,-0.725243,-0.235432
36.6,-0.711174,-0.234019
36.7,-0.696536,-0.232498
36.8,-0.681281,-0.230866
36.9,-0.665353,-0.229117
37,-0.648693,-0.227246
37.1,-0.631231,-0.225248
37.2,-0.612893,-0.223116
37.3,-0.593593,-0.220844
37.4,-0.573236,-0.218424
37.5,-0.551715,-0.215848
37.6,-0.528911,-0.213107
37.7,-0.504688,-0.21019
37.8,-0.478893,-0.207086
37.9,-0.451353,-0.203782
38,-0.421875,-0.200264
38.1,-0.390237,-0.196516
38.2,-0.356192,-0.192521
38.3,-0.319457,-0.188258
38.4,-0.279717,-0.183706
38.5,-0.236617,-0.178838
38.6,-0.189761,-0.173629
38.7,-0.138711,-0.168045
38.8,-0.0829885,-0.162053
38.9,-0.0220807,-0.155613
39,0.0445479,-0.148683
39.1,0.117434,-0.141215
39.2,0.19708,-0.133161
39.3,0.283902,-0.124465
39.4,0.378156,-0.115073
39.5,0.479838,-0.104931
39.6,0.58857,-0.0939857
39.7,0.70348,-0.0821942
39.8,0.823097,-0.0695239
39.9,0.945312,-0.0559599
40,1.06744,-0.0415085
40.1,1.18644,-0.0262004
40.2,1.2992,-0.0100907
40.3,1.40292,0.00674331
40.4,1.49552,0.0242083
40.5,1.57574,0.0422017
40.6,1.64329,0.0606189
40.7,1.69861,0.0793598
40.8,1.74276,0.0983332
40.9,1.77707,0.117459
41,1.80302,0.13667
41.1,1.82203,0.15591
41.2,1.8354,0.175134
41.3,1.84423,0.194305
41.4,1.84948,0.213396
41.5,1.85191,0.232385
41.6,1.85212,0.251254
41.7,1.85062,0.269991
41.8,1.84777,0.288586
41.9,1.84389,0.307031
42,1.83919,0.325321
42.1,1.83386,0.343452
42.2,1.82803,0.36142
42.3,1.82182,0.379225
42.4,1.81531,0.396864
42.5,1.80855,0.414336
42.6,1.80161,0.431642
42.7,1.79451,0.448781
42.8,1.78728,0.465752
42.9,1.77996,0.482557
43,1.77255,0.499196
43.1,1.76507,0.515669
43.2,1.75753,0.531977
43.3,1.74994,0.54812
43.4,1.7423,0.564099
43.5,1.73463,0.579915
43.6,1.72692,0.595569
43.7,1.71917,0.611061
43.8,1.7114,0.626392
43.9,1.70359,0.641563
44,1.69575,0.656575
44.1,1.68788,0.671429
44.2,1.67999,0.686124
44.3,1.67206,0.700663
44.4,1.66411,0.715046
44.5,1.65613,0.729273
44.6,1.64812,0.743345
44.7,1.64007,0.757264
44.8,1.632,0.771029
44.9,1.6239,0.784642
45,1.61576,0.798104
45.1,1.60759,0.811414
45.2,1.59938,0.824574
45.3,1.59114,0.837584
45.4,1.58287,0.850445
45.5,1.57455,0.863158
45.6,1.5662,0.875723
45.7,1.55781,0.888141
45.8,1.54937,0.900413
45.9,1.54089,0.912538
46,1.53237,0.924519
46.1,1.5238,0.936354
46.2,1.51518,0.948046
46.3,1.50651,0.959593
46.4,1.4978,0.970998
46.5,1.48902,0.982259
46.6,1.4802,0.993379
46.7,1.47131,1.00436
46.8,1.46236,1.01519
46.9,1.45336,1.02589
47,1.44429,1.03644
47.1,1.43515,1.04686
47.2,1.42594,1.05713
47.3,1.41666,1.06727
47.4,1.4073,1.07726
47.5,1.39786,1.08712
47.6,1.38835,1.09684
47.7,1.37874,1.10642
47.8,1.36905,1.11586
47.9,1.35927,1.12516
48,1.34938,1.13433
48.1,1.3394,1.14335
48.2,1.32931,1.15224
48.3,1.31911,1.16099
48.4,1.30879,1.1696
48.5,1.29835,1.17808
48.6,1.28779,1.18641
48.7,1.27709,1.19461
48.8,1.26625,1.20267
48.9,1.25526,1.21059
49,1.24411,1.21837
49.1,1.23281,1.22601
49.2,1.22133,1.23351
49.3,1.20967,1.24087
49.4,1.19781,1.24809
49.5,1.18576,1.25516
49.6,1.17349,1.2621
49.7,1.16099,1.26889
49.8,1.14826,1.27553
49.9,1.13526,1.28203
50,1.122,1.28838
50.1,1.10845,1.29458
50.2,1.09459,1.30063
50.3,1.08041,1.30653
50.4,1.06587,1.31228
50.5,1.05096,1.31787
50.6,1.03565,1.3233
50.7,1.0199,1.32858
50.8,1.0037,1.33369
50.9,0.986991,1.33863
51,0.969745,1.34341
51.1,0.951918,1.34801
51.2,0.933459,1.35244
51.3,0.914315,1.35668
51.4,0.894425,1.36074
51.5,0.873724,1.36461
51.6,0.852134,1.36828
51.7,0.829572,1.37175
51.8,0.805943,1.37501
51.9,0.781138,1.37805
52,0.755037,1.38086
52.1,0.727501,1.38343
52.2,0.698373,1.38576
52.3,0.667475,1.38782
52.4,0.634601,1.38961
52.5,0.599519,1.39111
52.6,0.561961,1.3923
52.7,0.521618,1.39316
52.8,0.478139,1.39367
52.9,0.431119,1.39379
53,0.380097,1.39352
53.1,0.324546,1.3928
53.2,0.263872,1.3916
53.3,0.197409,1.38988
53.4,0.124424,1.38758
53.5,0.0441355,1.38466
53.6,-0.0442637,1.38106
53.7,-0.141547,1.3767
53.8,-0.248364,1.37152
53.9,-0.365114,1.36544
54,-0.491752,1.35839
54.1,-0.627575,1.3503
54.2,-0.770984,1.34112
54.3,-0.919323,1.33082
54.4,-1.06888,1.31939
54.5,-1.21516,1.30686
54.6,-1.35341,1.29331
54.7,-1.47937,1.27885
54.8,-1.58991,1.26359
54.9,-1.68346,1.24769
55,-1.75995,1.23128
55.1,-1.82054,1.21449
55.2,-1.86716,1.19743
55.3,-1.90203,1.18021
55.4,-1.92738,1.16289
55.5,-1.94519,1.14554
55.6,-1.95717,1.12821
55.7,-1.96469,1.11093
55.8,-1.96884,1.09372
55.9,-1.97046,1.07661
56,-1.97018,1.05961
56.1,-1.9685,1.04274
56.2,-1.96577,1.02599
56.3,-1.96226,1.00938
56.4,-1.95818,0.992909
56.5,-1.95367,0.976577
56.6,-1.94885,0.960388
56.7,-1.94378,0.944342
56.8,-1.93855,0.928441
56.9,-1.93319,0.912684
57,-1.92773,0.897071
57.1,-1.9222,0.881602
57.2,-1.91662,0.866276
57.3,-1.91101,0.851092
57.4,-1.90537,0.83605
57.5,-1.89971,0.82115
57.6,-1.89404,0.806389
57.7,-1.88836,0.791769
57.8,-1.88267,0.777286
57.9,-1.87698,0.762942
58,-1.8713,0.748734
58.1,-1.86561,0.734662
58.2,-1.85993,0.720726
58.3,-1.85425,0.706923
58.4,-1.84857,0.693254
58.5,-1.8429,0.679717
58.6,-1.83723,0.666312
58.7,-1.83157,0.653038
58.8,-1.82591,0.639893
58.9,-1.82026,0.626878
59,-1.81461,0.61399
59.1,-1.80897,0.60123
59.2,-1.80333,0.588596
59.3,-1.7977,0.576087
59.4,-1.79207,0.563703
59.5,-1.78645,0.551443
59.6,-1.78083,0.539306
59.7,-1.77522,0.527291
59.8,-1.76961,0.515398
59.9,-1.76401,0.503625
60,-1.75841,0.491972
60.1,-1.75282,0.480438
60.2,-1.74723,0.469021
60.3,-1.74165,0.457723
60.4,-1.73607,0.446541
60.5,-1.7305,0.435474
60.6,-1.72493,0.424523
60.7,-1.71936,0.413686
60.8,-1.7138,0.402962
60.9,-1.70824,0.392351
61,-1.70269,0.381852
61.1,-1.69714,0.371465
61.2,-1.69159,0.361187
61.3,-1.68605,0.35102
61.4,-1.68052,0.340962
61.5,-1.67498,0.331011
61.6,-1.66945,0.321169
61.7,-1.66392,0.311433
61.8,-1.6584,0.301804
61.9,-1.65288,0.29228
62,-1.64736,0.28286
62.1,-1.64185,0.273545
62.2,-1.63634,0.264333
62.3,-1.63083,0.255224
62.4,-1.62532,0.246217
62.5,-1.61982,0.237311
62.6,-1.61432,0.228506
62.7,-1.60882,0.219801
62.8,-1.60333,0.211195
62.9,-1.59783,0.202688
63,-1.59234,0.194279
63.1,-1.58685,0.185967
63.2,-1.58136,0.177752
63.3,-1.57588,0.169634
63.4,-1.57039,0.161611
63.5,-1.56491,0.153683
63.6,-1.55943,0.145849
63.7,-1.55395,0.138108
63.8,-1.54847,0.130461
63.9,-1.54299,0.122907
64,-1.53751,0.115444
64.1,-1.53204,0.108072
64.2,-1.52656,0.100791
64.3,-1.52108,0.0936008
64.4,-1.51561,0.0864996
64.5,-1.51013,0.0794874
64.6,-1.50465,0.0725637
64.7,-1.49918,0.0657278
64.8,-1.4937,0.0589791
64.9,-1.48822,0.0523172
65,-1.48274,0.0457415
65.1,-1.47726,0.0392515
65.2,-1.47178,0.0328465
65.3,-1.4663,0.0265261
65.4,-1.46082,0.0202898
65.5,-1.45533,0.014137
65.6,-1.44984,0.00806727
65.7,-1.44435,0.00208001
65.8,-1.43886,-0.00382526
65.9,-1.43336,-0.00964903
66,-1.42787,-0.0153918
66.1,-1.42236,-0.0210541
66.2,-1.41686,-0.0266363
66.3,-1.41135,-0.032139
66.4,-1.40584,-0.0375627
66.5,-1.40032,-0.0429078
66.6,-1.3948,-0.0481747
66.7,-1.38928,-0.053364
66.8,-1.38375,-0.0584761
66.9,-1.37821,-0.0635114
67,-1.37267,-0.0684704
67.1,-1.36712,-0.0733535
67.2,-1.36157,-0.0781613
67.3,-1.35601,-0.082894
67.4,-1.35045,-0.0875521
67.5,-1.34487,-0.0921361
67.6,-1.33929,-0.0966463
67.7,-1.3337,-0.101083
67.8,-1.32811,-0.105447
67.9,-1.3225,-0.109739
68,-1.31689,-0.113958
68.1,-1.31126,-0.118105
68.2,-1.30563,-0.122181
68.3,-1.29998,-0.126186
68.4,-1.29433,-0.130121
68.5,-1.28866,-0.133985
68.6,-1.28299,-0.137779
68.7,-1.2773,-0.141504
68.8,-1.27159,-0.145159
68.9,-1.26588,-0.148746
69,-1.26014,-0.152264
69.1,-1.2544,-0.155713
69.2,-1.24864,-0.159095
69.3,-1.24286,-0.162409
69.4,-1.23707,-0.165656
69.5,-1.23126,-0.168836
69.6,-1.22544,-0.171949
69.7,-1.21959,-0.174995
69.8,-1.21372,-0.177975
69.9,-1.20784,-0.18089
70,-1.20193,-0.183738
70.1,-1.196,-0.186522
70.2,-1.19005,-0.18924
70.3,-1.18408,-0.191893
70.4,-1.17808,-0.194481
70.5,-1.17206,-0.197004
70.6,-1.166,-0.199464
70.7,-1.15992,-0.201859
70.8,-1.15382,-0.20419
70.9,-1.14768,-0.206457
71,-1.14151,-0.208661
71.1,-1.1353,-0.210801
71.2,-1.12907,-0.212878
71.3,-1.12279,-0.214892
71.4,-1.11648,-0.216842
71.5,-1.11013,-0.218729
71.6,-1.10374,-0.220553
71.7,-1.09731,-0.222315
71.8,-1.09083,-0.224013
71.9,-1.08431,-0.225648
72,-1.07773,-0.227221
72.1,-1.07111,-0.228731
72.2,-1.06443,-0.230178
72.3,-1.0577,-0.231562
72.4,-1.05091,-0.232883
72.5,-1.04406,-0.234141
72.6,-1.03715,-0.235336
72.7,-1.03016,-0.236467
72.8,-1.02311,-0.237536
72.9,-1.01599,-0.23854
73,-1.00878,-0.239481
73.1,-1.0015,-0.240357
73.2,-0.994129,-0.241169
73.3,-0.986669,-0.241917
73.4,-0.979114,-0.242599
73.5,-0.97146,-0.243216
73.6,-0.963701,-0.243767
73.7,-0.95583,-0.244252
73.8,-0.947843,-0.244671
73.9,-0.939732,-0.245021
74,-0.931491,-0.245304
74.1,-0.923111,-0.245519
74.2,-0.914584,-0.245663
74.3,-0.905903,-0.245738
74.4,-0.897057,-0.245742
74.5,-0.888035,-0.245674
74.6,-0.878828,-0.245532
74.7,-0.869424,-0.245317
74.8,-0.859808,-0.245026
74.9,-0.849968,-0.244659
75,-0.839889,-0.244214
75.1,-0.829553,-0.243689
75.2,-0.818943,-0.243083
75.3,-0.808039,-0.242394
75.4,-0.79682,-0.241619
75.5,-0.785263,-0.240758
75.6,-0.773342,-0.239807
75.7,-0.761029,-0.238764
75.8,-0.748294,-0.237626
75.9,-0.735102,-0.23639
76,-0.721415,-0.235052
76.1,-0.707193,-0.23361
76.2,-0.69239,-0.232059
76.3,-0.676955,-0.230395
76.4,-0.660832,-0.228613
76.5,-0.643958,-0.226707
76.6,-0.626262,-0.224673
76.7,-0.607667,-0.222503
76.8,-0.588086,-0.220192
76.9,-0.567419,-0.21773
77,-0.545557,-0.215109
77.1,-0.522375,-0.21232
77.2,-0.497734,-0.209353
77.3,-0.471476,-0.206195
77.4,-0.443422,-0.202833
77.5,-0.413371,-0.199254
77.6,-0.381095,-0.195439
77.7,-0.346337,-0.191372
77.8,-0.308806,-0.187032
77.9,-0.268177,-0.182395
78,-0.224081,-0.177436
78.1,-0.176113,-0.172127
78.2,-0.123823,-0.166434
78.3,-0.0667226,-0.160322
78.4,-0.00429035,-0.153751
78.5,0.064012,-0.146678
78.6,0.138716,-0.139054
78.7,0.220306,-0.130828
78.8,0.309162,-0.121946
78.9,0.405479,-0.112352
79,0.509163,-0.101993
79.1,0.619711,-0.0908183
79.2,0.736094,-0.0787868
79.3,0.856665,-0.0658707
79.4,0.979145,-0.0520602
79.5,1.10073,-0.0373682
79.6,1.21831,-0.0218324
79.7,1.32882,-0.00551435
79.8,1.42965,0.0115037
79.9,1.51892,0.0291249
80,1.59564,0.0472456
80.1,1.65974,0.0657618
80.2,1.71186,0.0845755
80.3,1.75315,0.103598
80.4,1.78501,0.122754
80.5,1.8089,0.141978
80.6,1.82623,0.161218
80.7,1.83824,0.18043
80.8,1.846,0.199582
80.9,1.8504,0.218647
81,1.85217,0.237604
81.1,1.85186,0.256438
81.2,1.84995,0.275137
81.3,1.8468,0.293691
81.4,1.84266,0.312094
81.5,1.83777,0.33034
81.6,1.8323,0.348426
81.7,1.82636,0.36635
81.8,1.82005,0.384109
81.9,1.81347,0.401702
82,1.80665,0.419128
82.1,1.79966,0.436388
82.2,1.79252,0.45348
82.3,1.78527,0.470406
82.4,1.77792,0.487165
82.5,1.77049,0.503758
82.6,1.76299,0.520185
82.7,1.75544,0.536447
82.8,1.74784,0.552545
82.9,1.74019,0.568479
83,1.73251,0.584251
83.1,1.72478,0.59986
83.2,1.71703,0.615307
83.3,1.70924,0.630594
83.4,1.70143,0.645722
83.5,1.69358,0.66069
83.6,1.68571,0.675499
83.7,1.6778,0.690152
83.8,1.66987,0.704647
83.9,1.66191,0.718987
84,1.65392,0.733171
84.1,1.6459,0.747201
84.2,1.63785,0.761078
84.3,1.62977,0.774801
84.4,1.62165,0.788372
84.5,1.61351,0.801791
84.6,1.60533,0.81506
84.7,1.59711,0.828179
84.8,1.58886,0.841148
84.9,1.58058,0.853968
85,1.57225,0.86664
85.1,1.56389,0.879164
85.2,1.55548,0.891542
85.3,1.54704,0.903773
85.4,1.53855,0.915859
85.5,1.53001,0.927799
85.6,1.52143,0.939595
85.7,1.5128,0.951246
85.8,1.50411,0.962754
85.9,1.49538,0.974119
86,1.48659,0.985342
86.1,1.47775,0.996422
86.2,1.46885,1.00736
86.3,1.45989,1.01816
86.4,1.45086,1.02881
86.5,1.44177,1.03933
86.6,1.43261,1.04971
86.7,1.42338,1.05994
86.8,1.41408,1.07004
86.9,1.4047,1.08
87,1.39525,1.08982
87.1,1.38571,1.0995
87.2,1.37608,1.10904
87.3,1.36636,1.11844
87.4,1.35655,1.1277
87.5,1.34664,1.13683
87.6,1.33663,1.14582
87.7,1.32651,1.15467
87.8,1.31627,1.16338
87.9,1.30592,1.17196
88,1.29545,1.18039
88.1,1.28485,1.18869
88.2,1.27411,1.19685
88.3,1.26323,1.20487
88.4,1.2522,1.21275
88.5,1.24101,1.22049
88.6,1.22966,1.22809
88.7,1.21813,1.23556
88.8,1.20641,1.24288
88.9,1.19451,1.25005
89,1.18239,1.25709
89.1,1.17006,1.26398
89.2,1.1575,1.27073
89.3,1.1447,1.27734
89.4,1.13163,1.28379
89.5,1.11829,1.2901
89.6,1.10466,1.29626
89.7,1.09071,1.30228
89.8,1.07643,1.30813
89.9,1.0618,1.31384
90,1.04678,1.31939
90.1,1.03135,1.32477
90.2,1.01548,1.33
90.3,0.999139,1.33507
90.4,0.982288,1.33997
90.5,0.964886,1.34469
90.6,0.946889,1.34925
90.7,0.928247,1.35363
90.8,0.908904,1.35782
90.9,0.888797,1.36183
91,0.867859,1.36564
91.1,0.84601,1.36926
91.2,0.823163,1.37267
91.3,0.799221,1.37587
91.4,0.774071,1.37885
91.5,0.747589,1.38159
91.6,0.71963,1.3841
91.7,0.690032,1.38635
91.8,0.658611,1.38834
91.9,0.625153,1.39006
92,0.589415,1.39147
92.1,0.551121,1.39257
92.2,0.50995,1.39333
92.3,0.465537,1.39374
92.4,0.417462,1.39376
92.5,0.365245,1.39336
92.6,0.308343,1.39251
92.7,0.246141,1.39118
92.8,0.177954,1.3893
92.9,0.103034,1.38684
93,0.0205877,1.38374
93.1,-0.0701887,1.37994
93.2,-0.170045,1.37536
93.3,-0.279579,1.36994
93.4,-0.399085,1.3636
93.5,-0.528362,1.35627
93.6,-0.66648,1.34788
93.7,-0.811562,1.33839
93.8,-0.96065,1.32778
93.9,-1.10978,1.31604
94,-1.25431,1.30322
94.1,-1.38955,1.28941
94.2,-1.51151,1.27471
94.3,-1.61745,1.25926
94.4,-1.70624,1.24321
94.5,-1.77818,1.22668
94.6,-1.83471,1.2098
94.7,-1.87786,1.19269
94.8,-1.90989,1.17543
94.9,-1.93297,1.1581
95,-1.94902,1.14076
95.1,-1.95964,1.12343
95.2,-1.96613,1.10617
95.3,-1.96951,1.08899
95.4,-1.97055,1.07191
95.5,-1.96984,1.05494
95.6,-1.96784,1.0381
95.7,-1.96487,1.0214
95.8,-1.96119,1.00482
95.9,-1.95697,0.988388
96,-1.95237,0.972096
96.1,-1.94747,0.955946
96.2,-1.94236,0.93994
96.3,-1.93708,0.924079
96.4,-1.93169,0.908362
96.5,-1.92621,0.892788
96.6,-1.92067,0.877359
96.7,-1.91508,0.862072
96.8,-1.90945,0.846928
96.9,-1.90381,0.831925
97,-1.89814,0.817063
97.1,-1.89247,0.802341
97.2,-1.88679,0.787759
97.3,-1.8811,0.773314
97.4,-1.87541,0.759008
97.5,-1.86973,0.744838
97.6,-1.86404,0.730803
97.7,-1.85836,0.716904
97.8,-1.85268,0.703138
97.9,-1.84701,0.689506
98,-1.84134,0.676005
98.1,-1.83567,0.662637
98.2,-1.83001,0.649398
98.3,-1.82435,0.636289
98.4,-1.8187,0.623309
98.5,-1.81305,0.610456
98.6,-1.80741,0.597731
98.7,-1.80178,0.585132
98.8,-1.79614,0.572658
98.9,-1.79052,0.560308
99,-1.7849,0.548082
99.1,-1.77928,0.535979
99.2,-1.77367,0.523997
99.3,-1.76807,0.512137
99.4,-1.76246,0.500398
99.5,-1.75687,0.488777
99.6,-1.75128,0.477276
99.7,-1.74569,0.465892
99.8,-1.74011,0.454626
99.9,-1.73453,0.443476
100,-1.72896,0.432441
100.1,-1.72339,0.421521
100.2,-1.71783,0.410715
100.3,-1.71226,0.400023
100.4,-1.70671,0.389443
100.5,-1.70116,0.378975
100.6,-1.69561,0.368618
100.7,-1.69006,0.358371
100.8,-1.68452,0.348234
100.9,-1.67899,0.338205
101,-1.67346,0.328285
101.1,-1.66793,0.318472
101.2,-1.6624,0.308766
101.3,-1.65688,0.299165
101.4,-1.65136,0.28967
101.5,-1.64584,0.28028
101.6,-1.64033,0.270993
101.7,-1.63482,0.261809
101.8,-1.62931,0.252728
101.9,-1.6238,0.243749
102,-1.6183,0.234871
102.1,-1.6128,0.226094
102.2,-1.60731,0.217416
102.3,-1.60181,0.208838
102.4,-1.59632,0.200358
102.5,-1.59083,0.191976
102.6,-1.58534,0.183691
102.7,-1.57985,0.175503
102.8,-1.57436,0.167411
102.9,-1.56888,0.159414
103,-1.5634,0.151512
103.1,-1.55792,0.143704
103.2,-1.55244,0.135989
103.3,-1.54696,0.128367
103.4,-1.54148,0.120838
103.5,-1.536,0.113401
103.6,-1.53052,0.106054
103.7,-1.52505,0.0987984
103.8,-1.51957,0.0916324
103.9,-1.5141,0.0845559
104,-1.50862,0.0775682
104.1,-1.50314,0.0706687
104.2,-1.49767,0.0638569
104.3,-1.49219,0.0571323
104.4,-1.48671,0.0504942
104.5,-1.48123,0.0439422
104.6,-1.47575,0.0374757
104.7,-1.47027,0.0310941
104.8,-1.46479,0.024797
104.9,-1.4593,0.0185838
105,-1.45382,0.0124539
105.1,-1.44833,0.00640699
105.2,-1.44284,0.000442399
105.3,-1.43734,-0.00544033
105.4,-1.43185,-0.0112417
105.5,-1.42635,-0.0169622
105.6,-1.42085,-0.0226024
105.7,-1.41534,-0.0281626
105.8,-1.40983,-0.0336435
105.9,-1.40432,-0.0390454
106,-1.3988,-0.0443689
106.1,-1.39328,-0.0496143
106.2,-1.38775,-0.0547823
106.3,-1.38222,-0.0598731
106.4,-1.37668,-0.0648873
106.5,-1.37114,-0.0698254
106.6,-1.36559,-0.0746877
106.7,-1.36004,-0.0794746
106.8,-1.35448,-0.0841867
106.9,-1.34891,-0.0888243
107,-1.34333,-0.0933879
107.1,-1.33775,-0.0978779
107.2,-1.33216,-0.102295
107.3,-1.32656,-0.106638
107.4,-1.32095,-0.11091
107.5,-1.31534,-0.115109
107.6,-1.30971,-0.119237
107.7,-1.30407,-0.123294
107.8,-1.29843,-0.127279
107.9,-1.29277,-0.131194
108,-1.2871,-0.135039
108.1,-1.28142,-0.138814
108.2,-1.27572,-0.142519
108.3,-1.27002,-0.146156
108.4,-1.2643,-0.149723
108.5,-1.25856,-0.153222
108.6,-1.25281,-0.156653
108.7,-1.24705,-0.160016
108.8,-1.24127,-0.163312
108.9,-1.23547,-0.16654
109,-1.22966,-0.169701
109.1,-1.22382,-0.172796
109.2,-1.21797,-0.175824
109.3,-1.2121,-0.178786
109.4,-1.20621,-0.181682
109.5,-1.2003,-0.184513
109.6,-1.19437,-0.187278
109.7,-1.18841,-0.189978
109.8,-1.18243,-0.192613
109.9,-1.17642,-0.195184
110,-1.17039,-0.19769
110.1,-1.16433,-0.200131
110.2,-1.15824,-0.202509
110.3,-1.15213,-0.204822
110.4,-1.14598,-0.207072
110.5,-1.1398,-0.209258
110.6,-1.13359,-0.211381
110.7,-1.12734,-0.21344
110.8,-1.12106,-0.215436
110.9,-1.11473,-0.217369
111,-1.10837,-0.219239
111.1,-1.10197,-0.221046
111.2,-1.09553,-0.222789
111.3,-1.08903,-0.224471
111.4,-1.0825,-0.226089
111.5,-1.07591,-0.227644
111.6,-1.06927,-0.229137
111.7,-1.06258,-0.230566
111.8,-1.05583,-0.231933
111.9,-1.04903,-0.233236
112,-1.04216,-0.234477
112.1,-1.03523,-0.235654
112.2,-1.02823,-0.236768
112.3,-1.02115,-0.237819
112.4,-1.01401,-0.238806
112.5,-1.00678,-0.239729
112.6,-0.999474,-0.240588
112.7,-0.992079,-0.241382
112.8,-0.984594,-0.242111
112.9,-0.977012,-0.242776
113,-0.96933,-0.243375
113.1,-0.96154,-0.243908
113.2,-0.953638,-0.244375
113.3,-0.945618,-0.244774
113.4,-0.937471,-0.245106
113.5,-0.929192,-0.24537
113.6,-0.920773,-0.245566
113.7,-0.912205,-0.245691
113.8,-0.903479,-0.245746
113.9,-0.894585,-0.24573
114,-0.885514,-0.245642
114.1,-0.876254,-0.24548
114.2,-0.866792,-0.245245
114.3,-0.857116,-0.244933
114.4,-0.847212,-0.244544
114.5,-0.837063,-0.244077
114.6,-0.826653,-0.24353
114.7,-0.815964,-0.242901
114.8,-0.804976,-0.242189
114.9,-0.793666,-0.241391
115,-0.782011,-0.240505
115.1,-0.769985,-0.239528
115.2,-0.757559,-0.238459
115.3,-0.744701,-0.237295
115.4,-0.731376,-0.236031
115.5,-0.717546,-0.234665
115.6,-0.703169,-0.233193
115.7,-0.688197,-0.231611
115.8,-0.672578,-0.229915
115.9,-0.656254,-0.2281
116,-0.63916,-0.226159
116.1,-0.621225,-0.224088
116.2,-0.602367,-0.22188
116.3,-0.582496,-0.219528
116.4,-0.561511,-0.217023
116.5,-0.539298,-0.214357
116.6,-0.515728,-0.21152
116.7,-0.490657,-0.208501
116.8,-0.463922,-0.205288
116.9,-0.435339,-0.201868
117,-0.404698,-0.198225
117.1,-0.371764,-0.194343
117.2,-0.336271,-0.190203
117.3,-0.29792,-0.185783
117.4,-0.256372,-0.18106
117.5,-0.211251,-0.176008
117.6,-0.162137,-0.170596
117.7,-0.10857,-0.164791
117.8,-0.050051,-0.158557
117.9,0.013947,-0.151852
118,0.0839637,-0.144631
118.1,0.160522,-0.136846
118.2,0.244085,-0.128445
118.3,0.334991,-0.119372
118.4,0.433365,-0.109572
118.5,0.539014,-0.0989929
118.6,0.6513,-0.0875855
118.7,0.76903,-0.075312
118.8,0.890381,-0.0621492
118.9,1.01291,-0.0480931
119,1.1337,-0.0331635
119.1,1.24963,-0.0174047
119.2,1.35771,-0.00088459
119.3,1.4555,0.01631
119.4,1.54136,0.0340796
119.5,1.61457,0.0523196
119.6,1.67527,0.0709273
119.7,1.72428,0.0898071
119.8,1.76282,0.108874
119.9,1.79233,0.128054
120,1.81428,0.147287
120.1,1.83003,0.166523
120.2,1.84077,0.185722
120.3,1.84752,0.204852
120.4,1.85113,0.223889
120.5,1.85227,0.242814
120.6,1.85148,0.261612
120.7,1.84919,0.280271
120.8,1.84574,0.298784
120.9,1.84138,0.317144
121,1.83632,0.335347
121.1,1.8307,0.353388
121.2,1.82465,0.371266
121.3,1.81826,0.38898
121.4,1.81161,0.406527
121.5,1.80474,0.423907
121.6,1.7977,0.441121
121.7,1.79053,0.458167
121.8,1.78325,0.475047
121.9,1.77588,0.49176
122,1.76843,0.508307
122.1,1.76091,0.524689
122.2,1.75335,0.540906
122.3,1.74573,0.556958
122.4,1.73807,0.572847
122.5,1.73038,0.588574
122.6,1.72265,0.604138
122.7,1.71488,0.619542
122.8,1.70709,0.634784
122.9,1.69927,0.649868
123,1.69141,0.664792
123.1,1.68353,0.679558
123.2,1.67562,0.694167
123.3,1.66768,0.70862
123.4,1.65971,0.722916
123.5,1.65171,0.737058
123.6,1.64368,0.751045
123.7,1.63562,0.764879
123.8,1.62753,0.778561
123.9,1.61941,0.79209
124,1.61125,0.805468
124.1,1.60307,0.818695
124.2,1.59484,0.831772
124.3,1.58658,0.8447
124.4,1.57828,0.857479
124.5,1.56995,0.87011
124.6,1.56157,0.882594
124.7,1.55316,0.894931
124.8,1.5447,0.907122
124.9,1.53619,0.919168
125,1.52765,0.931068
125.1,1.51905,0.942824
125.2,1.5104,0.954436
125.3,1.50171,0.965905
125.4,1.49296,0.97723
125.5,1.48416,0.988413
125.6,1.4753,0.999454
125.7,1.46638,1.01035
125.8,1.4574,1.02111
125.9,1.44836,1.03173
126,1.43925,1.04221
126.1,1.43007,1.05255
126.2,1.42083,1.06274
126.3,1.4115,1.0728
126.4,1.4021,1.08272
126.5,1.39262,1.0925
126.6,1.38306,1.10214
126.7,1.37341,1.11165
126.8,1.36366,1.12101
126.9,1.35383,1.13024
127,1.34389,1.13932
127.1,1.33385,1.14828
127.2,1.3237,1.15709
127.3,1.31343,1.16576
127.4,1.30305,1.1743
127.5,1.29254,1.1827
127.6,1.2819,1.19096
127.7,1.27112,1.19908
127.8,1.2602,1.20706
127.9,1.24913,1.2149
128,1.23789,1.2226
128.1,1.22649,1.23017
128.2,1.21491,1.23759
128.3,1.20315,1.24487
128.4,1.19119,1.25201
128.5,1.17901,1.25901
128.6,1.16662,1.26586
128.7,1.15399,1.27257
128.8,1.14112,1.27913
128.9,1.12798,1.28555
129,1.11456,1.29182
129.1,1.10084,1.29794
129.2,1.08681,1.30391
129.3,1.07243,1.30972
129.4,1.05769,1.31538
129.5,1.04256,1.32089
129.6,1.02702,1.32623
129.7,1.01102,1.33142
129.8,0.994542,1.33644
129.9,0.977543,1.34129
130,0.959982,1.34597
130.1,0.941812,1.35047
130.2,0.922982,1.3548
130.3,0.903435,1.35894
130.4,0.883106,1.3629
130.5,0.861924,1.36666
130.6,0.839809,1.37022
130.7,0.816671,1.37357
130.8,0.792407,1.37671
130.9,0.766903,1.37963
131,0.740028,1.38231
131.1,0.711634,1.38475
131.2,0.681553,1.38693
131.3,0.649592,1.38885
131.4,0.61553,1.39048
131.5,0.579117,1.39181
131.6,0.540063,1.39281
131.7,0.498036,1.39348
131.8,0.452657,1.39379
131.9,0.403489,1.39369
132,0.350037,1.39318
132.1,0.291737,1.3922
132.2,0.227955,1.39071
132.3,0.157987,1.38868
132.4,0.0810709,1.38605
132.5,-0.0035946,1.38276
132.6,-0.0968059,1.37875
132.7,-0.199283,1.37395
132.8,-0.311556,1.36828
132.9,-0.433805,1.36168
133,-0.565651,1.35406
133.1,-0.705923,1.34538
133.2,-0.852451,1.33558
133.3,-1.00198,1.32465
133.4,-1.15032,1.31261
133.5,-1.29274,1.29951
133.6,-1.42467,1.28544
133.7,-1.54242,1.27052
133.8,-1.64368,1.25489
133.9,-1.72773,1.23869
134,-1.79524,1.22205
134.1,-1.84785,1.2051
134.2,-1.88771,1.18794
134.3,-1.91706,1.17066
134.4,-1.93803,1.15332
134.5,-1.95243,1.13597
134.6,-1.9618,1.11866
134.7,-1.96734,1.10142
134.8,-1.97,1.08427
134.9,-1.9705,1.06722
135,-1.9694,1.05029
135.1,-1.9671,1.03348
135.2,-1.96392,1.01681
135.3,-1.96007,1.00027
135.4,-1.95574,0.983878
135.5,-1.95104,0.967625
135.6,-1.94608,0.951515
135.7,-1.94091,0.935549
135.8,-1.9356,0.919728
135.9,-1.93018,0.90405
136,-1.92469,0.888517
136.1,-1.91913,0.873126
136.2,-1.91353,0.857879
136.3,-1.9079,0.842774
136.4,-1.90225,0.82781
136.5,-1.89658,0.812987
136.6,-1.8909,0.798304
136.7,-1.88522,0.783759
136.8,-1.87953,0.769353
136.9,-1.87385,0.755084
137,-1.86816,0.740952
137.1,-1.86248,0.726955
137.2,-1.85679,0.713092
137.3,-1.85112,0.699363
137.4,-1.84544,0.685767
137.5,-1.83977,0.672304
137.6,-1.83411,0.658971
137.7,-1.82845,0.645768
137.8,-1.82279,0.632695
137.9,-1.81714,0.61975
138,-1.8115,0.606932
138.1,-1.80586,0.594242
138.2,-1.80022,0.581677
138.3,-1.79459,0.569238
138.4,-1.78897,0.556922
138.5,-1.78335,0.54473
138.6,-1.77773,0.532661
138.7,-1.77212,0.520713
138.8,-1.76652,0.508886
138.9,-1.76092,0.497179
139,-1.75533,0.485592
139.1,-1.74974,0.474123
139.2,-1.74415,0.462772
139.3,-1.73857,0.451537
139.4,-1.73299,0.440419
139.5,-1.72742,0.429416
139.6,-1.72185,0.418528
139.7,-1.71629,0.407754
139.8,-1.71073,0.397093
139.9,-1.70518,0.386543
140,-1.69963,0.376106
140.1,-1.69408,0.365779
140.2,-1.68854,0.355563
140.3,-1.683,0.345456
140.4,-1.67746,0.335457
140.5,-1.67193,0.325566
140.6,-1.6664,0.315783
140.7,-1.66088,0.306106
140.8,-1.65535,0.296535
140.9,-1.64983,0.287068
141,-1.64432,0.277707
141.1,-1.63881,0.268449
141.2,-1.6333,0.259293
141.3,-1.62779,0.250241
141.4,-1.62229,0.241289
141.5,-1.61678,0.232439
141.6,-1.61129,0.223689
141.7,-1.60579,0.215039
141.8,-1.60029,0.206488
141.9,-1.5948,0.198035
142,-1.58931,0.18968
142.1,-1.58382,0.181422
142.2,-1.57834,0.17326
142.3,-1.57285,0.165194
142.4,-1.56737,0.157224
142.5,-1.56189,0.149348
142.6,-1.5564,0.141566
142.7,-1.55092,0.133877
142.8,-1.54545,0.126281
142.9,-1.53997,0.118777
143,-1.53449,0.111364
143.1,-1.52901,0.104043
143.2,-1.52354,0.0968121
143.3,-1.51806,0.0896709
143.4,-1.51258,0.0826189
143.5,-1.50711,0.0756556
143.6,-1.50163,0.0687804
143.7,-1.49615,0.0619927
143.8,-1.49068,0.055292
143.9,-1.4852,0.0486777
144,-1.47972,0.0421493
144.1,-1.47424,0.0357063
144.2,-1.46876,0.0293481
144.3,-1.46327,0.0230742
144.4,-1.45779,0.016884
144.5,-1.4523,0.0107771
144.6,-1.44681,0.00475297
144.7,-1.44132,-0.00118898
144.8,-1.43583,-0.00704921
144.9,-1.43033,-0.0128282
145,-1.42483,-0.0185265
145.1,-1.41933,-0.0241446
145.2,-1.41382,-0.0296829
145.3,-1.40831,-0.0351419
145.4,-1.4028,-0.0405221
145.5,-1.39728,-0.045824
145.6,-1.39175,-0.051048
145.7,-1.38623,-0.0561947
145.8,-1.38069,-0.0612643
145.9,-1.37516,-0.0662575
146,-1.36961,-0.0711746
146.1,-1.36406,-0.076016
146.2,-1.3585,-0.0807823
146.3,-1.35294,-0.0854738
146.4,-1.34737,-0.0900909
146.5,-1.34179,-0.0946342
146.6,-1.33621,-0.0991039
146.7,-1.33062,-0.1035
146.8,-1.32501,-0.107824
146.9,-1.3194,-0.112076
147,-1.31378,-0.116255
147.1,-1.30816,-0.120364
147.2,-1.30252,-0.1244
147.3,-1.29687,-0.128366
147.4,-1.2912,-0.132262
147.5,-1.28553,-0.136088
147.6,-1.27985,-0.139843
147.7,-1.27415,-0.14353
147.8,-1.26844,-0.147147
147.9,-1.26271,-0.150696
148,-1.25698,-0.154176
148.1,-1.25122,-0.157588
148.2,-1.24545,-0.160932
148.3,-1.23967,-0.164209
148.4,-1.23387,-0.167419
148.5,-1.22805,-0.170562
148.6,-1.22221,-0.173638
148.7,-1.21636,-0.176648
148.8,-1.21048,-0.179592
148.9,-1.20458,-0.18247
149,-1.19866,-0.185282
149.1,-1.19272,-0.18803
149.2,-1.18676,-0.190712
149.3,-1.18077,-0.193329
149.4,-1.17476,-0.195882
149.5,-1.16872,-0.19837
149.6,-1.16265,-0.200794
149.7,-1.15656,-0.203153
149.8,-1.15043,-0.205449
149.9,-1.14428,-0.207681
150,-1.13809,-0.20985
150.1,-1.13187,-0.211955
150.2,-1.12561,-0.213997
150.3,-1.11931,-0.215976
150.4,-1.11298,-0.217891
150.5,-1.10661,-0.219744
150.6,-1.1002,-0.221533
150.7,-1.09374,-0.22326
150.8,-1.08724,-0.224923
150.9,-1.08069,-0.226524
151,-1.07408,-0.228062
151.1,-1.06743,-0.229537
151.2,-1.06073,-0.23095
151.3,-1.05396,-0.232299
151.4,-1.04714,-0.233585
151.5,-1.04025,-0.234808
151.6,-1.0333,-0.235968
151.7,-1.02628,-0.237065
151.8,-1.01919,-0.238098
151.9,-1.01202,-0.239067
152,-1.00477,-0.239972
152.1,-0.997442,-0.240813
152.2,-0.990023,-0.24159
152.3,-0.982512,-0.242301
152.4,-0.974903,-0.242948
152.5,-0.967191,-0.243529
152.6,-0.959371,-0.244043
152.7,-0.951437,-0.244492
152.8,-0.943383,-0.244873
152.9,-0.935201,-0.245186
153,-0.926884,-0.245431
153.1,-0.918424,-0.245607
153.2,-0.909813,-0.245713
153.3,-0.901042,-0.245749
153.4,-0.8921,-0.245713
153.5,-0.882978,-0.245605
153.6,-0.873664,-0.245423
153.7,-0.864144,-0.245166
153.8,-0.854407,-0.244833
153.9,-0.844436,-0.244423
154,-0.834217,-0.243934
154.1,-0.823733,-0.243365
154.2,-0.812963,-0.242713
154.3,-0.801888,-0.241977
154.4,-0.790486,-0.241155
154.5,-0.778731,-0.240244
154.6,-0.766598,-0.239243
154.7,-0.754056,-0.238148
154.8,-0.741072,-0.236956
154.9,-0.727612,-0.235664
155,-0.713636,-0.23427
155.1,-0.699099,-0.232768
155.2,-0.683954,-0.231155
155.3,-0.668146,-0.229426
155.4,-0.651617,-0.227577
155.5,-0.634298,-0.225601
155.6,-0.616117,-0.223493
155.7,-0.596989,-0.221246
155.8,-0.576821,-0.218852
155.9,-0.555509,-0.216304
156,-0.532935,-0.213591
156.1,-0.508967,-0.210705
156.2,-0.483454,-0.207634
156.3,-0.456228,-0.204366
156.4,-0.427099,-0.200886
156.5,-0.39585,-0.197179
156.6,-0.362238,-0.193227
156.7,-0.325988,-0.189012
156.8,-0.28679,-0.184511
156.9,-0.244296,-0.1797
157,-0.198116,-0.174551
157.1,-0.147821,-0.169035
157.2,-0.0929393,-0.163115
157.3,-0.0329623,-0.156755
157.4,0.0326426,-0.149913
157.5,0.104414,-0.142542
157.6,0.182863,-0.134592
157.7,0.268425,-0.126011
157.8,0.361391,-0.116743
157.9,0.461808,-0.106733
158,0.569374,-0.0959298
158.1,0.683307,-0.0842867
158.2,0.802246,-0.0717694
158.3,0.92419,-0.0583595
158.4,1.04655,-0.0440594
158.5,1.16631,-0.0288955
158.6,1.28035,-0.012919
158.7,1.38581,0.0037966
158.8,1.48043,0.0211601
158.9,1.56283,0.03907
159,1.63255,0.0574215
159.1,1.68992,0.0761135
159.2,1.7359,0.0950529
159.3,1.7718,0.114158
159.4,1.79909,0.133358
159.5,1.81919,0.152597
159.6,1.83345,0.171826
159.7,1.84299,0.191009
159.8,1.8488,0.210116
159.9,1.85166,0.229123
160,1.85222,0.248014