0        0      0       0        0       0        0        0        0        0       0        0        0
0.05555  0      0       0        0       0        0        0        0        0       0        0        0
0.02083  0.0625 0       0        0       0        0        0        0        0       0        0        0
0.03125  0      0.09375 0        0       0        0        0        0        0       0        0        0
0.3125   0      -1.1719 1.1719   0       0        0        0        0        0       0        0        0
0.0375   0      0       0.1875   0.15    0        0        0        0        0       0        0        0
0.04791  0      0       0.1122   -0.0255 0.01285  0        0        0        0       0        0        0
0.01692  0      0       0.3878   0.03598 0.19697  -0.17271 0        0        0       0        0        0
0.069096 0      0       -0.6342  -0.1612 0.13865  0.94093  0.21164  0        0       0        0        0
0.183557 0      0       -2.4688  -0.2913 -0.02647 2.84784  0.28139  0.12375  0       0        0        0
-1.21542 0      0       16.67261 0.91574 -6.0566  -16.0036 14.8493  -13.3716 5.1342  0        0        0
0.258861 0      0       -4.7745  -0.4351 -3.0495  5.57792  6.15583  -5.0621  2.1939  0.134628 0        0
0.822428 0      0       -11.6587 -0.7576 0.71397  12.07577 -2.12766 1.99017  -0.2343 0.175899 0        0
0.04175  0      0       0        0       -0.05545 0.239313 0.70351  -0.75976 0.66056 0.158187 -0.23811 0.25
0.02955  0      0       0        0       -0.82861 0.311241 2.46735  -2.54694 1.44355 0.079416 0.044443 0